Mission 1                 - Intro -                  Welcome to Space Revolution!                                                          In the year 2077, the evil Fidas regime    took over the government and started to    rule with an iron fist over the whole      galaxy. Their leader is the notorius       bastard Oroban Vikar who is a cold hearted sonofabench, many cruelties are bound to   his name and he literally has blood on his hands. In this time of opression the only  people who are brave enough to face the    merciless regime is the fearless Space     Resistance Marine corps, whose duty is to  overthrow Fidas and bring peace to the     universe. You are Colonel Shepherd, one of the best Hacker in the Space Resistance    Marine corps. Your job is to lead your teamand to help them get to where they need to be even in the face of danger.                                                        Press Alt+Enter to go Fullscreen           Use WASD to move around and please proceed to the next level trough the trap.
577;589;577;589;577;589;577;589;577;589;577;589;577;589;409;409;577;589;577;589;577;589;577;589;577;589;577;589;577;589;577;589
577;589;577;589;577;589;577;589;577;589;577;589;577;589;409;409;577;589;577;589;577;589;577;589;169;589;577;589;577;589;577;589
577;589;577;589;577;589;577;589;577;589;289;349;349;349;613;613;349;349;349;301;577;589;577;589;169;589;577;589;577;589;577;589
577;589;577;589;577;589;577;589;577;589;337;517;517;517;517;517;517;517;517;337;577;589;169;589;169;589;169;589;577;589;577;589
577;589;577;589;577;589;577;589;577;589;337;517;517;517;517;517;517;517;517;337;577;589;577;169;169;169;577;589;577;589;577;589
577;589;577;589;577;589;577;589;577;589;313;349;349;349;349;349;349;349;349;325;577;589;577;589;169;589;577;589;577;589;577;589
577;589;577;589;577;589;577;589;577;589;577;589;577;589;577;589;577;589;577;589;577;589;577;589;577;589;577;589;577;589;577;589
577;589;577;589;577;289;349;349;349;349;349;349;349;349;349;349;349;349;349;349;349;349;349;349;349;349;301;589;577;589;577;589
577;589;577;589;577;337;517;517;517;517;517;517;517;517;517;517;517;517;517;517;517;517;517;517;517;517;337;589;577;589;577;589
577;589;577;589;577;337;517;517;517;517;517;517;517;517;517;517;517;517;517;517;517;517;517;517;121;517;337;589;577;589;577;589
577;589;577;589;577;337;517;517;517;517;517;517;517;517;517;517;517;517;517;517;517;517;517;517;517;517;337;589;577;589;577;589
577;589;577;589;577;313;349;349;349;349;349;349;349;349;349;349;349;349;349;349;349;349;349;349;349;349;325;589;577;589;577;589
577;589;577;589;577;589;577;589;577;589;577;589;577;589;577;589;577;589;577;589;577;589;577;589;577;589;577;589;577;589;577;589
577;589;577;589;577;589;577;589;577;589;577;589;577;589;577;589;577;589;577;589;577;589;577;589;577;589;577;589;577;589;577;589
577;589;577;589;577;589;577;589;577;589;577;589;577;589;577;589;577;589;577;589;577;589;577;589;577;589;577;589;577;589;577;589
577;589;169;589;577;169;577;589;577;589;577;589;169;589;169;589;577;589;577;589;577;169;577;589;577;589;577;589;577;589;577;589
577;589;169;589;577;169;577;589;169;169;577;589;169;589;169;589;577;169;169;589;577;169;577;589;577;589;577;589;577;589;577;589
577;589;169;169;169;169;577;169;577;589;169;589;169;589;169;589;169;589;577;169;577;169;577;589;577;589;577;589;577;589;577;589
577;589;169;589;577;169;577;169;169;169;169;589;169;589;169;589;169;589;577;169;577;169;577;589;577;589;577;589;577;589;577;589
577;589;169;589;577;169;577;169;577;589;577;589;169;589;169;589;169;589;577;169;577;589;577;589;577;589;577;589;577;589;577;589
577;589;169;589;577;169;577;589;169;169;577;589;169;589;169;589;577;169;169;589;577;169;577;589;577;589;577;589;577;589;577;589
577;589;577;589;577;589;577;589;577;589;577;589;577;589;577;589;577;589;577;589;577;589;577;589;577;589;577;589;577;589;577;589
577;589;577;589;577;589;577;589;577;589;577;589;577;589;577;589;577;589;577;589;577;589;577;589;577;589;577;589;577;589;577;589
577;589;577;589;577;589;577;589;577;589;577;589;577;589;577;589;577;589;577;589;577;589;577;589;577;589;577;589;577;589;577;589
1;6;8
1;7;8
1;8;8
1;9;8
1;10;8
1;11;8
1;12;8
1;13;8
1;14;8
1;15;8
1;16;8
1;17;8
1;18;8
1;19;8
1;19;8
1;21;8
1;22;8
1;23;8
1;20;8
1;23;8
1;25;8
1;26;8
1;24;8
1;27;8
1;27;9
1;27;10
1;27;12
1;27;12
1;27;11
1;26;12
1;25;12
1;24;12
1;23;12
1;22;12
1;21;12
1;20;12
1;20;12
1;18;12
1;18;12
1;16;12
1;19;12
1;17;12
1;15;12
1;14;12
1;13;12
1;12;12
1;11;12
1;10;12
1;9;12
1;8;12
1;7;12
1;6;12
1;6;11
1;6;10
1;6;9
1;6;9
7;25;10;Exit
1;11;4
1;20;4
1;20;5
1;20;6
1;19;6
1;19;6
1;18;6
1;16;6
1;16;6
1;15;6
1;14;6
1;13;6
1;13;6
1;12;6
1;11;6
1;11;5
1;17;6
1;11;3
1;12;3
1;12;3
1;13;3
1;14;3
1;17;3
1;18;3
1;18;3
1;19;3
1;20;3
1;16;3
1;15;3
3;13;4
3;16;4
3;19;4
0;8;10
--
Mission 2           - Save Your Friends -            Your Mission is to rescue your fellow s from the imprisonment of the regime                                           Press E to use a terminal and Backspace to exit out of it.
577;589;577;589;577;289;349;349;697;349;349;349;229;349;349;349;699;699;699;349;349;349;301;565;565;565;565;565;565;565;565;565
577;481;493;482;577;337;529;637;517;385;389;661;337;385;529;517;517;517;517;517;385;529;337;589;577;13;25;25;25;25;25;14
577;496;109;494;397;625;517;517;517;517;517;517;337;517;517;517;517;517;517;517;517;517;337;25;25;15;361;373;373;373;362;26
577;484;495;483;577;337;517;517;517;517;517;517;625;517;517;517;517;517;517;517;385;529;337;373;373;373;363;85;85;85;374;26
577;589;577;589;577;337;169;169;517;517;517;517;337;517;517;517;517;517;517;517;517;517;337;50;50;50;97;85;85;85;374;26
577;589;577;589;577;313;349;349;349;349;349;349;229;385;529;517;517;517;517;517;517;517;625;50;50;50;97;85;85;85;374;26
577;589;577;589;577;589;577;589;577;589;577;589;337;517;517;517;517;517;517;517;517;661;337;50;50;50;97;85;85;85;374;26
577;589;577;589;577;589;577;589;577;589;577;589;337;517;517;517;517;517;517;517;517;517;337;373;373;373;362;85;85;85;374;26
577;589;577;589;577;589;577;589;577;589;577;589;313;349;349;349;349;553;553;349;349;349;325;27;27;14;374;85;85;85;374;26
577;589;577;589;577;589;577;589;577;589;577;589;577;589;577;589;374;409;409;374;577;589;577;589;577;28;374;85;85;85;374;26
577;589;577;589;577;589;577;589;577;589;577;589;577;289;349;349;374;409;409;374;349;349;301;589;577;28;364;373;373;373;363;26
577;589;577;589;577;589;577;589;577;589;577;589;577;337;169;169;517;517;517;517;517;517;337;589;577;16;27;27;27;27;27;15
577;589;577;589;577;589;577;589;577;589;577;589;577;337;169;517;517;517;517;517;169;517;337;589;577;589;577;589;577;589;577;589
577;589;577;589;577;589;577;589;577;589;577;589;577;337;517;517;517;517;517;517;517;517;337;589;577;589;577;589;577;589;577;589
577;589;577;589;577;589;577;589;577;589;577;589;577;337;517;169;517;517;517;517;517;169;337;589;577;589;577;589;577;589;577;589
577;589;577;589;577;589;577;589;577;589;577;589;577;337;517;517;661;517;517;517;169;169;337;589;577;589;577;589;577;589;577;589
577;589;577;589;577;589;577;589;577;589;577;589;577;313;349;349;349;625;625;349;349;349;325;589;577;589;577;589;577;589;577;589
577;589;577;589;577;589;361;373;373;373;373;373;373;362;577;589;577;496;494;589;577;589;577;589;577;589;577;589;577;589;577;589
577;589;577;589;577;589;374;517;517;517;517;517;517;542;493;493;493;505;494;589;577;589;577;589;577;589;577;589;577;589;577;589
577;589;577;589;577;589;374;121;517;517;517;517;517;542;495;495;495;495;483;589;577;589;577;589;577;589;577;589;577;589;577;589
577;589;577;589;577;589;364;373;373;373;373;373;373;363;577;589;577;589;577;589;577;589;577;589;577;589;577;589;577;589;577;589
577;589;577;589;577;589;577;589;577;589;577;589;577;589;577;589;577;589;577;589;577;589;577;589;577;589;577;589;577;589;577;589
577;589;577;589;577;589;577;589;577;589;577;589;577;589;577;589;577;589;577;589;577;589;577;589;577;589;577;589;577;589;577;589
577;589;577;589;577;589;577;589;577;589;577;589;577;589;577;589;577;589;577;589;577;589;577;589;577;589;577;589;577;589;577;589
1;6;2
1;6;1
1;8;1
1;7;1
1;9;1
1;10;1
1;11;1
1;12;1
1;13;1
1;13;2
1;13;3
1;13;5
1;13;6
1;12;6
1;11;6
1;10;6
1;10;6
1;9;6
1;8;6
1;7;6
1;6;6
1;6;5
1;6;4
1;5;4
1;5;5
1;4;5
1;3;5
1;2;5
1;1;5
1;1;4
1;1;3
1;1;2
1;1;1
1;2;1
1;3;1
1;4;1
1;5;1
1;5;2
1;14;1
1;15;1
1;16;1
1;18;1
1;17;1
1;19;1
1;20;1
1;21;1
1;22;1
1;23;1
1;23;2
1;23;3
1;23;3
1;23;4
1;23;5
1;23;7
1;23;8
1;23;9
1;22;9
1;21;9
1;20;9
1;17;9
1;16;9
1;15;9
1;14;9
1;13;9
1;13;8
1;13;7
1;24;4
1;25;4
1;26;4
1;27;4
1;27;3
1;28;3
1;29;3
1;30;3
1;31;3
1;31;4
1;31;5
1;31;6
1;31;7
1;31;8
1;27;8
1;26;8
1;25;8
1;24;8
1;20;10
1;20;11
1;17;10
1;17;11
3;29;5
3;29;7
1;16;11
1;15;11
1;14;11
1;8;5
1;7;5
1;15;12
1;16;12
1;15;13
1;14;12
1;14;13
1;14;14
1;14;14
1;14;15
1;14;16
1;14;17
1;15;17
1;16;17
1;17;17
1;21;11
1;22;11
1;23;11
1;23;12
1;23;13
1;23;13
1;23;14
1;23;15
1;23;15
1;23;16
1;23;16
1;23;17
1;23;17
1;22;17
1;20;17
1;21;17
1;17;18
1;16;18
1;15;18
1;14;18
1;13;18
1;12;18
1;11;18
1;10;18
1;10;18
1;9;18
1;9;18
1;7;18
1;8;18
1;7;19
1;7;19
1;7;20
1;7;21
1;8;21
1;8;21
1;9;21
1;10;21
1;10;21
1;11;21
1;12;21
1;13;21
1;14;21
1;14;21
1;15;21
1;16;21
1;17;21
1;18;21
1;19;21
1;20;21
1;20;20
1;20;19
1;20;19
1;20;18
1;20;18
7;8;20;Exit
4;12;2
8;13;4
4;22;7
8;23;6
5;17;16
8;18;17
8;19;17
1;16;15
1;21;13
1;22;15
1;22;16
1;21;16
1;27;9
1;27;10
1;27;11
1;28;11
1;29;11
1;30;11
1;30;11
1;31;11
1;31;10
1;31;9
3;29;9
1;7;2
1;8;2
1;10;2
1;11;2
1;14;2
1;15;2
1;14;6
1;15;6
1;21;4
1;22;4
1;21;2
1;22;2
0;3;3
--
Mission 3               - Get The Data -             Hack into the Servers to aquire critical   data that may help your cause.
289;349;349;349;349;349;349;349;349;301;577;589;577;589;577;589;577;589;577;589;577;589;577;589;577;589;577;589;577;589;577;589
337;169;517;517;517;517;517;517;529;337;577;589;577;589;577;589;577;589;577;460;433;433;433;433;433;433;433;433;433;469;577;589
337;517;517;517;517;517;517;517;517;337;577;589;577;589;577;589;577;589;577;433;517;637;529;517;637;529;517;637;529;433;577;589
337;517;109;517;517;517;517;517;517;337;373;373;373;373;373;373;373;373;373;433;517;517;517;517;517;517;517;517;661;49;49;38
337;517;517;517;517;517;517;517;517;625;517;517;517;517;517;517;517;517;517;625;517;637;529;517;637;529;517;637;529;49;38;50
337;169;517;517;517;517;517;517;661;337;517;517;517;517;517;517;517;517;517;433;517;517;517;517;517;517;517;517;517;433;50;50
337;169;169;517;517;517;517;517;517;337;373;373;373;362;517;361;373;373;373;433;517;637;529;517;637;529;517;637;529;433;50;50
313;349;349;349;349;349;349;349;349;325;577;589;577;374;517;374;577;589;577;433;517;517;517;517;517;517;517;517;517;433;50;50
577;589;577;589;577;589;577;589;577;589;577;589;577;374;517;374;577;589;577;471;433;433;433;433;433;433;433;433;433;458;50;50
577;589;577;589;577;589;577;589;577;589;577;589;577;374;517;374;577;589;577;589;577;589;577;589;577;589;577;589;577;589;50;50
577;589;577;589;577;589;577;589;577;589;577;589;577;374;517;374;577;589;577;589;577;589;577;589;577;589;577;589;577;589;50;50
577;589;577;589;577;589;577;589;577;589;577;589;577;374;517;374;577;481;493;493;493;493;482;589;577;589;577;589;577;589;50;50
577;589;577;589;577;589;577;589;577;589;577;589;577;374;517;364;229;496;505;505;169;505;494;589;577;589;577;589;577;589;50;50
577;589;577;589;577;589;577;589;577;589;577;589;577;374;517;517;613;505;505;505;505;169;494;589;577;589;577;589;577;589;50;50
361;373;373;373;373;373;373;373;362;589;577;589;577;374;517;361;229;496;505;505;505;505;494;589;577;589;577;589;577;589;50;50
376;169;169;517;517;169;517;517;374;373;373;373;373;363;517;374;577;484;495;495;495;495;483;589;577;589;577;589;577;589;50;50
376;169;121;517;517;517;517;517;625;517;517;517;517;517;517;374;577;589;577;589;577;589;577;589;577;589;577;589;577;589;50;50
376;517;517;517;169;517;637;529;374;373;373;373;373;373;373;363;577;589;577;589;577;589;361;373;373;373;373;373;362;589;50;50
364;373;373;373;373;373;373;373;363;589;577;589;577;589;577;589;577;589;577;589;577;589;374;529;389;637;389;637;374;589;50;50
577;589;577;589;577;589;577;589;577;589;577;589;577;589;577;589;577;589;577;589;577;589;374;529;389;637;389;637;374;589;50;50
577;589;577;589;577;589;577;589;577;589;577;589;577;589;577;589;577;589;577;589;577;589;374;529;389;637;389;637;374;589;50;50
577;589;577;589;577;589;577;589;577;589;577;589;577;589;577;589;577;589;577;589;577;589;374;529;389;637;389;637;51;51;39;50
577;589;577;589;577;589;577;589;577;589;577;589;577;589;577;589;577;589;577;589;577;589;374;529;389;637;389;637;51;51;51;39
577;589;577;589;577;589;577;589;577;589;577;589;577;589;577;589;577;589;577;589;577;589;364;373;373;373;373;373;363;589;577;589
3;8;3
3;6;3
3;4;3
1;1;1
1;2;1
1;3;1
1;4;1
1;5;1
1;9;1
1;10;1
1;8;1
1;7;1
1;6;1
1;1;2
1;1;3
1;1;3
1;1;4
1;1;5
1;1;6
1;1;6
1;1;7
1;1;8
1;1;8
1;2;8
1;3;8
1;3;8
1;4;8
1;5;8
1;6;8
1;7;8
1;8;8
1;8;8
1;9;8
1;9;8
1;10;8
1;10;7
1;10;6
1;10;4
1;10;3
1;10;2
1;10;2
3;19;13
1;11;4
1;12;4
1;12;4
1;13;4
1;14;4
1;14;4
1;15;4
1;16;4
1;17;4
1;18;4
1;19;4
1;11;7
1;12;7
1;13;7
1;14;7
1;14;7
1;14;8
1;14;9
1;14;10
1;14;11
1;14;12
1;14;13
1;14;13
1;14;14
1;14;15
1;14;16
1;13;16
1;12;16
1;11;16
1;10;16
1;9;16
1;9;15
1;8;15
1;7;15
1;7;15
1;6;15
1;5;15
1;4;15
1;3;15
1;2;15
1;2;15
1;1;15
1;1;16
1;1;17
1;1;18
1;1;19
1;3;19
1;5;19
1;6;19
1;7;19
1;9;19
1;9;19
1;9;18
1;7;19
1;8;19
1;4;19
1;2;19
1;10;18
1;11;18
1;14;18
1;15;18
1;16;18
1;16;17
1;16;16
1;16;16
1;16;15
1;13;18
1;12;18
1;17;15
1;17;13
1;16;13
1;16;12
1;16;12
1;16;11
1;16;10
1;16;9
1;16;9
1;16;8
1;16;7
1;17;7
1;17;7
1;18;7
1;19;7
1;17;12
1;17;11
1;18;11
1;19;11
1;20;11
1;21;11
1;22;11
1;23;11
1;23;11
1;24;12
1;24;11
1;24;13
1;24;14
1;24;15
1;24;15
1;24;16
1;24;17
1;23;17
1;22;17
1;21;17
1;21;17
1;20;17
1;19;17
1;18;17
1;17;17
1;17;16
1;17;14
1;21;13
1;22;14
1;20;4
1;20;3
1;20;2
1;21;2
1;22;2
1;23;2
1;24;2
1;24;2
1;25;2
1;26;2
1;27;2
1;28;2
1;29;2
1;29;2
1;30;3
1;30;4
1;30;2
1;30;5
1;30;6
1;30;7
1;30;7
1;30;8
1;30;9
1;29;9
1;29;9
1;28;9
1;27;9
1;27;9
1;26;9
1;26;9
1;25;9
1;24;9
1;23;9
1;23;9
1;22;9
1;21;9
1;20;9
1;20;8
1;20;7
1;20;6
1;20;6
1;22;3
1;23;3
1;22;5
1;23;5
1;22;7
1;23;7
1;25;7
1;26;7
1;28;7
1;30;7
1;29;7
1;29;5
1;28;5
1;26;5
1;25;5
1;25;3
1;26;3
1;28;3
1;29;3
1;9;2
1;2;2
1;2;6
1;2;7
1;3;7
1;3;16
1;2;16
1;2;17
1;5;18
1;6;16
1;7;18
1;8;18
5;9;6
8;10;5
8;20;5
6;29;4
8;9;17
7;3;17;Exit
0;3;4
--
Mission 4             - Upload The Data -            Upload the critical data to the news media server to leak the horrible truth about thecurrent regime.
577;289;349;349;349;349;349;349;349;349;349;349;349;349;349;349;301;589;577;589;577;589;577;589;289;349;349;349;349;349;301;589
577;337;661;517;517;517;517;517;517;337;517;517;517;517;517;517;337;589;577;589;577;589;577;589;337;517;517;517;517;517;337;589
577;685;517;517;517;517;517;517;517;337;661;517;517;517;517;517;337;349;349;349;349;349;349;349;325;517;517;109;517;517;337;589
577;685;517;517;517;517;517;517;517;337;517;517;517;517;517;517;337;517;517;517;517;517;517;517;517;517;517;517;517;517;337;589
49;49;529;529;517;517;517;517;517;625;517;517;517;517;517;517;517;517;517;517;517;517;517;517;517;517;517;517;517;517;337;589
49;49;529;637;385;389;385;389;385;337;517;517;517;517;517;517;337;517;517;517;289;349;349;349;301;517;517;517;517;517;337;589
577;337;517;517;517;517;517;517;517;337;517;517;517;517;517;517;337;517;517;517;337;589;577;589;337;517;517;517;517;517;337;589
577;337;517;517;517;517;517;517;517;337;349;349;349;349;349;349;337;517;517;517;337;589;577;589;313;349;349;349;349;349;325;589
577;313;349;349;349;349;349;349;349;325;577;589;577;589;577;589;337;517;517;517;337;589;577;589;577;589;577;589;577;589;577;589
577;589;577;589;577;589;577;589;289;349;349;349;349;349;301;589;337;517;517;517;337;589;577;589;577;589;577;589;577;589;577;589
577;589;577;589;577;589;577;589;337;517;517;169;517;517;337;589;337;517;517;517;337;589;577;589;577;589;577;589;577;589;577;589
577;589;577;589;577;589;577;589;337;517;169;517;517;517;313;349;325;517;517;517;337;589;577;589;577;589;577;589;577;589;577;589
577;589;577;589;577;589;577;589;685;169;517;517;517;517;517;625;517;517;517;517;337;589;577;589;577;589;577;589;577;589;577;589
577;589;577;589;577;589;577;589;685;517;517;517;517;517;289;349;301;517;517;517;337;589;577;589;577;589;577;589;577;589;577;589
577;589;577;589;577;589;577;589;337;517;517;517;517;169;337;589;337;517;517;517;337;589;577;589;577;589;577;589;577;589;577;589
577;589;577;589;577;589;577;589;337;661;517;517;169;169;337;589;337;517;517;517;337;589;577;589;577;589;577;589;577;589;577;589
577;589;577;589;577;589;577;589;313;349;349;349;349;349;325;589;337;517;517;517;337;589;577;589;577;589;577;589;577;589;577;589
577;589;577;589;577;589;577;589;577;589;577;589;577;589;577;589;337;517;517;517;337;589;577;589;577;589;577;589;577;589;577;589
577;589;577;589;577;589;577;589;577;589;577;589;577;589;577;589;313;301;517;289;325;589;577;289;349;349;349;349;349;349;301;589
577;589;577;589;577;589;577;589;577;589;577;589;577;589;577;589;577;337;517;337;577;589;577;337;517;517;517;517;517;517;337;589
577;589;577;589;577;589;577;589;577;589;577;589;577;589;577;589;577;337;517;313;349;349;349;325;517;517;517;517;121;517;337;589
577;589;577;589;577;589;577;589;577;589;577;589;577;589;577;589;577;337;517;517;517;517;517;625;517;517;517;517;517;517;337;589
577;589;577;589;577;589;577;589;577;589;577;589;577;589;577;589;577;313;349;349;349;349;349;301;517;517;517;517;517;517;337;589
577;589;577;589;577;589;577;589;577;589;577;589;577;589;577;589;577;589;577;589;577;589;577;313;349;349;349;349;349;349;325;589
3;27;6
3;29;6
3;28;5
1;25;1
1;25;2
1;25;3
1;24;3
1;24;3
1;23;3
1;22;3
1;21;3
1;20;3
1;19;3
1;18;3
1;17;3
1;17;4
1;17;2
1;17;1
1;17;1
1;16;1
1;14;1
1;13;1
1;12;1
1;11;1
1;11;1
1;7;1
1;6;1
1;4;1
1;2;1
1;2;1
1;5;1
1;3;1
1;8;1
1;9;1
1;10;1
1;10;1
1;15;1
1;10;2
1;10;3
1;10;4
1;2;2
1;2;3
1;2;4
1;2;5
1;2;6
1;2;7
1;2;8
1;2;9
1;3;9
1;4;9
1;5;9
1;6;9
1;9;9
1;7;9
1;8;9
1;10;9
1;10;8
1;10;7
1;10;6
1;11;8
1;12;8
1;13;8
1;14;8
1;14;8
1;16;8
1;16;8
1;16;8
1;17;6
1;17;7
1;17;8
1;17;8
1;17;9
1;17;10
1;17;11
1;17;12
1;17;12
1;15;12
1;15;11
1;15;11
1;15;10
1;14;10
1;13;10
1;12;10
1;11;10
1;11;10
1;10;10
1;9;10
1;9;11
1;9;12
1;9;13
1;9;13
1;9;14
1;9;14
1;9;15
1;9;16
1;9;17
1;9;17
1;10;17
1;12;17
1;11;17
1;13;17
1;14;17
1;15;17
1;15;16
1;15;16
1;15;15
1;15;15
1;15;14
1;16;14
1;16;14
1;17;14
1;16;12
1;17;15
1;17;16
1;17;17
1;17;17
1;17;18
1;17;19
1;18;19
1;18;20
1;18;21
1;18;22
1;18;23
1;19;23
1;20;23
1;21;23
1;21;23
1;22;23
1;23;23
1;23;23
1;24;23
1;24;24
1;25;24
1;25;24
1;26;24
1;27;24
1;28;24
1;29;24
1;29;24
1;30;24
1;30;24
1;31;24
1;31;24
1;31;23
1;31;23
1;31;22
1;31;21
1;31;20
1;31;19
1;31;19
1;30;19
1;29;19
1;29;19
1;28;19
1;28;19
1;28;19
1;27;19
1;26;19
1;26;19
1;25;19
1;25;19
1;24;19
1;24;20
1;24;21
1;24;21
1;23;21
1;22;21
1;22;21
1;22;21
1;21;21
1;20;21
1;20;20
1;20;19
1;20;19
1;20;19
1;21;19
1;21;18
1;21;17
1;21;17
1;21;16
1;21;16
1;21;15
1;21;14
1;21;14
1;21;13
1;21;13
1;21;12
1;21;12
1;21;12
1;21;11
1;21;10
1;21;10
1;21;9
1;21;8
1;21;7
1;22;6
1;21;6
1;23;6
1;24;6
1;25;6
1;25;7
1;25;8
1;27;8
1;28;8
1;29;8
1;30;8
1;31;8
1;26;8
1;15;8
1;31;7
1;31;6
1;31;3
1;31;2
1;31;1
1;30;1
1;30;1
1;29;1
1;28;1
1;27;1
1;26;1
1;31;4
1;31;5
7;29;21;Exit
5;11;3
8;10;5
5;3;2
8;16;13
6;10;16
8;24;22
1;3;6
1;4;6
1;5;6
1;6;6
1;6;6
1;7;6
1;8;6
1;9;6
3;4;7
1;3;5
1;4;5
1;12;11
1;11;12
1;10;13
1;13;16
1;14;16
1;14;15
0;28;3
--
Mission 5                 - The End -                You have released the truth about the      regime and the people heared your voice,   you have started a real revolution, good   job! Thank you for playing our very short  game! We hope you liked it!                                                           Created By: GameMoon and Rou Bang
229;229;229;229;229;1;229;1;1;1;1;229;229;1;1;1;1;1;1;1;1;1;1;1;1;1;1;1;1;1;1;1
1;1;229;1;1;1;229;1;1;1;229;1;1;229;1;1;1;1;1;1;1;1;1;1;1;1;1;1;1;1;1;1
1;1;229;1;1;1;229;229;1;1;229;229;229;229;1;1;1;1;1;1;1;1;1;1;1;1;1;1;1;1;1;1
1;1;229;1;1;1;229;1;229;1;229;1;1;1;1;1;1;1;1;1;1;1;1;1;1;1;1;1;1;1;1;1
1;1;229;1;1;1;229;1;229;1;1;229;229;1;1;1;1;1;1;1;1;1;1;1;1;1;1;1;1;1;1;1
1;1;1;1;1;1;1;1;1;1;1;1;1;1;1;1;1;1;1;1;1;1;1;1;229;1;1;1;1;1;1;1
1;1;1;1;1;1;1;1;1;1;1;1;229;229;229;229;1;1;1;1;1;1;1;1;229;1;1;1;1;1;1;1
1;1;1;1;1;1;1;1;1;1;1;1;229;1;1;1;1;1;1;1;1;1;1;1;229;1;1;1;1;1;1;1
1;1;1;1;1;1;1;1;1;1;1;1;229;1;1;1;1;229;229;1;1;1;229;229;229;1;1;1;1;1;1;1
1;1;1;1;1;1;1;1;1;1;1;1;229;229;229;1;1;229;1;229;1;229;1;1;229;1;1;1;1;1;1;1
1;1;1;1;1;1;1;1;1;1;1;1;229;1;1;1;1;229;1;229;1;229;1;1;229;1;1;1;1;1;1;1
1;1;1;1;1;1;1;1;1;1;1;1;229;229;229;229;1;229;1;229;1;1;229;229;229;1;1;1;1;1;1;1
1;1;1;1;1;1;1;1;1;1;1;1;1;1;1;1;1;1;1;1;1;1;1;1;1;1;1;1;1;1;1;1
1;1;1;169;1;169;1;1;1;1;1;1;1;1;1;1;1;1;1;1;1;1;1;1;1;1;1;1;1;1;1;1
1;1;1;1;1;1;1;1;1;1;1;1;1;1;1;1;289;349;349;349;349;349;349;349;349;349;349;349;301;1;1;1
1;1;229;1;1;1;229;1;1;1;1;1;1;1;1;1;337;517;517;517;517;517;517;517;517;517;517;517;337;1;1;1
1;1;1;229;229;229;1;1;1;1;1;1;1;1;1;1;337;517;517;517;517;517;517;517;517;517;517;517;337;1;1;1
1;1;1;1;1;1;1;1;1;1;1;1;1;1;1;1;337;517;517;517;517;517;517;517;517;517;517;517;337;1;1;1
1;1;1;1;1;1;1;1;1;1;1;1;1;1;1;1;337;517;517;517;517;517;517;517;517;517;517;517;337;1;1;1
1;1;1;1;1;1;1;1;1;1;1;1;1;1;1;1;337;517;517;517;517;517;517;517;517;517;517;517;337;1;1;1
1;1;1;1;1;1;1;1;1;1;1;1;1;1;1;1;337;517;517;517;517;517;517;517;517;517;517;517;337;1;1;1
1;1;1;1;1;1;1;1;1;1;1;1;1;1;1;1;337;517;517;517;517;517;517;517;517;517;517;517;337;1;1;1
1;1;1;1;1;1;1;1;1;1;1;1;1;1;1;1;313;349;349;349;349;349;349;349;349;349;349;349;325;1;1;1
1;1;1;1;1;1;1;1;1;1;1;1;1;1;1;1;1;1;1;1;1;1;1;1;1;1;1;1;1;1;1;1
1;17;15
1;18;15
1;19;15
1;21;15
1;22;15
1;23;15
1;23;15
1;20;15
1;17;16
1;17;17
1;17;18
1;17;19
1;17;20
1;17;20
1;17;21
1;17;21
1;17;22
1;17;23
1;17;23
1;18;23
1;19;23
1;22;23
1;23;23
1;23;23
1;24;23
1;25;23
1;26;23
1;27;23
1;28;23
1;29;23
1;21;23
1;20;23
1;29;22
1;29;21
1;29;20
1;29;19
1;29;18
1;29;18
1;29;17
1;29;16
1;29;15
1;29;15
1;28;15
1;27;15
1;26;15
1;26;15
1;25;15
1;24;15
3;19;21
3;21;21
3;23;21
3;25;21
3;27;21
3;27;19
3;25;19
3;23;19
3;21;19
3;19;19
3;19;17
3;21;17
3;23;17
3;25;17
3;27;17
0;20;18
--
